
# Surface 0 of 1 surfaces

# Curve title: "c1(x, y)"
# Contour 0, label:        0
 1.66667  0.254645  0 
 1.66621  0.254254  0 
 1.66146  0.25025  0 
 1.6567  0.246246  0 
 1.6519  0.242242  0 
 1.64708  0.238238  0 
 1.64224  0.234234  0 
 1.63737  0.23023  0 
 1.63248  0.226226  0 
 1.62756  0.222222  0 
 1.62261  0.218218  0 
 1.61764  0.214214  0 
 1.61264  0.21021  0 
 1.60762  0.206206  0 
 1.60257  0.202202  0 
 1.5975  0.198198  0 
 1.59596  0.196988  0 
 1.59195  0.194194  0 
 1.58618  0.19019  0 
 1.58039  0.186186  0 
 1.57456  0.182182  0 
 1.5687  0.178178  0 
 1.56282  0.174174  0 
 1.55691  0.17017  0 
 1.55097  0.166166  0 
 1.545  0.162162  0 
 1.539  0.158158  0 
 1.53297  0.154154  0 
 1.52692  0.15015  0 
 1.52525  0.149055  0 
 1.52019  0.146146  0 
 1.5132  0.142142  0 
 1.50617  0.138138  0 
 1.49911  0.134134  0 
 1.49202  0.13013  0 
 1.48489  0.126126  0 
 1.47773  0.122122  0 
 1.47054  0.118118  0 
 1.46332  0.114114  0 
 1.45606  0.11011  0 
 1.45455  0.109278  0 
 1.4478  0.106106  0 
 1.43924  0.102102  0 
 1.43064  0.0980981  0 
 1.42201  0.0940941  0 
 1.41334  0.0900901  0 
 1.40463  0.0860861  0 
 1.39588  0.0820821  0 
 1.38709  0.0780781  0 
 1.38384  0.0766017  0 
 1.37714  0.0740741  0 
 1.36648  0.0700701  0 
 1.35577  0.0660661  0 
 1.34501  0.0620621  0 
 1.33421  0.0580581  0 
 1.32337  0.0540541  0 
 1.31313  0.0502906  0 
 1.31231  0.0500501  0 
 1.29859  0.046046  0 
 1.28481  0.042042  0 
 1.27097  0.038038  0 
 1.25708  0.034034  0 
 1.24312  0.03003  0 
 1.24242  0.0298301  0 
 1.22457  0.026026  0 
 1.2057  0.022022  0 
 1.18675  0.018018  0 
 1.17172  0.0148551  0 
 1.16565  0.014014  0 
 1.13664  0.01001  0 
 1.10751  0.00600601  0 
 1.10101  0.00511599  0 
 1.05377  0.002002  0 
 1.0303  0.000461141  0 
 0.959596  0.000818247  0 

 1.93033  0.634635  0 
 1.92872  0.630631  0 
 1.9271  0.626627  0 
 1.92545  0.622623  0 
 1.92379  0.618619  0 
 1.92211  0.614615  0 
 1.92042  0.610611  0 
 1.9187  0.606607  0 
 1.91697  0.602603  0 
 1.91522  0.598599  0 
 1.91345  0.594595  0 
 1.91167  0.590591  0 
 1.90987  0.586587  0 
 1.90805  0.582583  0 
 1.90621  0.578579  0 
 1.90436  0.574575  0 
 1.90248  0.570571  0 
 1.90059  0.566567  0 
 1.89869  0.562563  0 
 1.89676  0.558559  0 
 1.89482  0.554555  0 
 1.89286  0.550551  0 
 1.89088  0.546547  0 
 1.88889  0.542543  0 
 1.88687  0.538539  0 
 1.88484  0.534535  0 
 1.8828  0.530531  0 
 1.88073  0.526527  0 
 1.87879  0.522788  0 
 1.87864  0.522523  0 
 1.87636  0.518519  0 
 1.87407  0.514515  0 
 1.87175  0.510511  0 
 1.86942  0.506507  0 
 1.86707  0.502503  0 
 1.8647  0.498498  0 
 1.86231  0.494494  0 
 1.8599  0.49049  0 
 1.85747  0.486486  0 
 1.85502  0.482482  0 
 1.85255  0.478478  0 
 1.85007  0.474474  0 
 1.84756  0.47047  0 
 1.84504  0.466466  0 
 1.8425  0.462462  0 
 1.83994  0.458458  0 
 1.83736  0.454454  0 
 1.83476  0.45045  0 
 1.83214  0.446446  0 
 1.8295  0.442442  0 
 1.82685  0.438438  0 
 1.82417  0.434434  0 
 1.82148  0.43043  0 
 1.81876  0.426426  0 
 1.81603  0.422422  0 
 1.81328  0.418418  0 
 1.81051  0.414414  0 
 1.80808  0.41093  0 
 1.80769  0.41041  0 
 1.80462  0.406406  0 
 1.80153  0.402402  0 
 1.79843  0.398398  0 
 1.7953  0.394394  0 
 1.79215  0.39039  0 
 1.78898  0.386386  0 
 1.78579  0.382382  0 
 1.78258  0.378378  0 
 1.77935  0.374374  0 
 1.7761  0.37037  0 
 1.77283  0.366366  0 
 1.76953  0.362362  0 
 1.76622  0.358358  0 
 1.76288  0.354354  0 
 1.75953  0.35035  0 
 1.75615  0.346346  0 
 1.75275  0.342342  0 
 1.74933  0.338338  0 
 1.74589  0.334334  0 
 1.74244  0.33033  0 
 1.73895  0.326326  0 
 1.73737  0.324518  0 
 1.73526  0.322322  0 
 1.73138  0.318318  0 
 1.72748  0.314314  0 
 1.72356  0.31031  0 
 1.71962  0.306306  0 
 1.71565  0.302302  0 
 1.71166  0.298298  0 
 1.70764  0.294294  0 
 1.70361  0.29029  0 
 1.69955  0.286286  0 
 1.69547  0.282282  0 
 1.69136  0.278278  0 
 1.68723  0.274274  0 
 1.68308  0.27027  0 
 1.67891  0.266266  0 
 1.67471  0.262262  0 
 1.67049  0.258258  0 
 1.66667  0.254645  0 

 1.99921  1.02302  0 
 1.9993  1.01902  0 
 1.99937  1.01502  0 
 1.99942  1.01101  0 
 1.99946  1.00701  0 
 1.99948  1.003  0 
 1.99948  0.998999  0 
 1.99947  0.994995  0 
 1.99944  0.990991  0 
 1.9994  0.986987  0 
 1.99933  0.982983  0 
 1.99926  0.978979  0 
 1.99916  0.974975  0 
 1.99905  0.970971  0 
 1.99893  0.966967  0 
 1.99879  0.962963  0 
 1.99863  0.958959  0 
 1.99845  0.954955  0 
 1.99826  0.950951  0 
 1.99805  0.946947  0 
 1.99783  0.942943  0 
 1.99759  0.938939  0 
 1.99733  0.934935  0 
 1.99706  0.930931  0 
 1.99677  0.926927  0 
 1.99647  0.922923  0 
 1.99614  0.918919  0 
 1.99581  0.914915  0 
 1.99545  0.910911  0 
 1.99508  0.906907  0 
 1.9947  0.902903  0 
 1.99429  0.898899  0 
 1.99387  0.894895  0 
 1.99344  0.890891  0 
 1.99299  0.886887  0 
 1.99252  0.882883  0 
 1.99203  0.878879  0 
 1.99153  0.874875  0 
 1.99102  0.870871  0 
 1.99048  0.866867  0 
 1.98993  0.862863  0 
 1.98937  0.858859  0 
 1.98879  0.854855  0 
 1.98819  0.850851  0 
 1.98757  0.846847  0 
 1.98694  0.842843  0 
 1.9863  0.838839  0 
 1.98563  0.834835  0 
 1.98495  0.830831  0 
 1.98426  0.826827  0 
 1.98354  0.822823  0 
 1.98282  0.818819  0 
 1.98207  0.814815  0 
 1.98131  0.810811  0 
 1.98053  0.806807  0 
 1.97974  0.802803  0 
 1.97893  0.798799  0 
 1.9781  0.794795  0 
 1.97726  0.790791  0 
 1.9764  0.786787  0 
 1.97553  0.782783  0 
 1.97464  0.778779  0 
 1.97373  0.774775  0 
 1.9728  0.770771  0 
 1.97186  0.766767  0 
 1.97091  0.762763  0 
 1.96994  0.758759  0 
 1.96895  0.754755  0 
 1.96794  0.750751  0 
 1.96692  0.746747  0 
 1.96588  0.742743  0 
 1.96483  0.738739  0 
 1.96376  0.734735  0 
 1.96267  0.730731  0 
 1.96157  0.726727  0 
 1.96045  0.722723  0 
 1.95931  0.718719  0 
 1.95816  0.714715  0 
 1.95699  0.710711  0 
 1.95581  0.706707  0 
 1.95461  0.702703  0 
 1.95339  0.698699  0 
 1.95216  0.694695  0 
 1.95091  0.690691  0 
 1.94964  0.686687  0 
 1.94949  0.68622  0 
 1.94827  0.682683  0 
 1.94688  0.678679  0 
 1.94546  0.674675  0 
 1.94403  0.670671  0 
 1.94257  0.666667  0 
 1.94111  0.662663  0 
 1.93962  0.658659  0 
 1.93812  0.654655  0 
 1.93659  0.650651  0 
 1.93506  0.646647  0 
 1.9335  0.642643  0 
 1.93193  0.638639  0 
 1.93033  0.634635  0 

 1.91077  1.41141  0 
 1.91256  1.40741  0 
 1.91434  1.4034  0 
 1.9161  1.3994  0 
 1.91784  1.3954  0 
 1.91956  1.39139  0 
 1.92127  1.38739  0 
 1.92295  1.38338  0 
 1.92462  1.37938  0 
 1.92628  1.37538  0 
 1.92791  1.37137  0 
 1.92953  1.36737  0 
 1.93113  1.36336  0 
 1.93271  1.35936  0 
 1.93428  1.35536  0 
 1.93583  1.35135  0 
 1.93736  1.34735  0 
 1.93887  1.34334  0 
 1.94037  1.33934  0 
 1.94184  1.33534  0 
 1.9433  1.33133  0 
 1.94475  1.32733  0 
 1.94617  1.32332  0 
 1.94758  1.31932  0 
 1.94897  1.31532  0 
 1.94949  1.31378  0 
 1.95028  1.31131  0 
 1.95154  1.30731  0 
 1.95278  1.3033  0 
 1.954  1.2993  0 
 1.95521  1.2953  0 
 1.9564  1.29129  0 
 1.95758  1.28729  0 
 1.95874  1.28328  0 
 1.95988  1.27928  0 
 1.96101  1.27528  0 
 1.96212  1.27127  0 
 1.96322  1.26727  0 
 1.9643  1.26326  0 
 1.96536  1.25926  0 
 1.9664  1.25526  0 
 1.96743  1.25125  0 
 1.96845  1.24725  0 
 1.96944  1.24324  0 
 1.97042  1.23924  0 
 1.97139  1.23524  0 
 1.97234  1.23123  0 
 1.97327  1.22723  0 
 1.97418  1.22322  0 
 1.97508  1.21922  0 
 1.97597  1.21522  0 
 1.97683  1.21121  0 
 1.97768  1.20721  0 
 1.97852  1.2032  0 
 1.97934  1.1992  0 
 1.98014  1.1952  0 
 1.98092  1.19119  0 
 1.98169  1.18719  0 
 1.98245  1.18318  0 
 1.98318  1.17918  0 
 1.9839  1.17518  0 
 1.98461  1.17117  0 
 1.98529  1.16717  0 
 1.98597  1.16316  0 
 1.98662  1.15916  0 
 1.98726  1.15516  0 
 1.98788  1.15115  0 
 1.98849  1.14715  0 
 1.98908  1.14314  0 
 1.98965  1.13914  0 
 1.99021  1.13514  0 
 1.99075  1.13113  0 
 1.99128  1.12713  0 
 1.99179  1.12312  0 
 1.99228  1.11912  0 
 1.99275  1.11512  0 
 1.99321  1.11111  0 
 1.99366  1.10711  0 
 1.99409  1.1031  0 
 1.9945  1.0991  0 
 1.99489  1.0951  0 
 1.99527  1.09109  0 
 1.99563  1.08709  0 
 1.99598  1.08308  0 
 1.99631  1.07908  0 
 1.99662  1.07508  0 
 1.99692  1.07107  0 
 1.9972  1.06707  0 
 1.99746  1.06306  0 
 1.99771  1.05906  0 
 1.99794  1.05506  0 
 1.99816  1.05105  0 
 1.99836  1.04705  0 
 1.99854  1.04304  0 
 1.99871  1.03904  0 
 1.99886  1.03504  0 
 1.99899  1.03103  0 
 1.99911  1.02703  0 
 1.99921  1.02302  0 

 1.61514  1.78779  0 
 1.62013  1.78378  0 
 1.62509  1.77978  0 
 1.63002  1.77578  0 
 1.63493  1.77177  0 
 1.63981  1.76777  0 
 1.64467  1.76376  0 
 1.6495  1.75976  0 
 1.6543  1.75576  0 
 1.65908  1.75175  0 
 1.66384  1.74775  0 
 1.66667  1.74535  0 
 1.66838  1.74374  0 
 1.67261  1.73974  0 
 1.67681  1.73574  0 
 1.681  1.73173  0 
 1.68516  1.72773  0 
 1.6893  1.72372  0 
 1.69342  1.71972  0 
 1.69751  1.71572  0 
 1.70158  1.71171  0 
 1.70563  1.70771  0 
 1.70965  1.7037  0 
 1.71366  1.6997  0 
 1.71764  1.6957  0 
 1.72159  1.69169  0 
 1.72553  1.68769  0 
 1.72944  1.68368  0 
 1.73333  1.67968  0 
 1.73719  1.67568  0 
 1.73737  1.67548  0 
 1.7407  1.67167  0 
 1.74417  1.66767  0 
 1.74762  1.66366  0 
 1.75105  1.65966  0 
 1.75445  1.65566  0 
 1.75784  1.65165  0 
 1.76121  1.64765  0 
 1.76455  1.64364  0 
 1.76788  1.63964  0 
 1.77118  1.63564  0 
 1.77446  1.63163  0 
 1.77773  1.62763  0 
 1.78097  1.62362  0 
 1.78419  1.61962  0 
 1.78739  1.61562  0 
 1.79057  1.61161  0 
 1.79373  1.60761  0 
 1.79687  1.6036  0 
 1.79998  1.5996  0 
 1.80308  1.5956  0 
 1.80616  1.59159  0 
 1.80808  1.58907  0 
 1.80912  1.58759  0 
 1.8119  1.58358  0 
 1.81466  1.57958  0 
 1.8174  1.57558  0 
 1.82012  1.57157  0 
 1.82283  1.56757  0 
 1.82551  1.56356  0 
 1.82818  1.55956  0 
 1.83082  1.55556  0 
 1.83345  1.55155  0 
 1.83606  1.54755  0 
 1.83865  1.54354  0 
 1.84122  1.53954  0 
 1.84377  1.53554  0 
 1.84631  1.53153  0 
 1.84882  1.52753  0 
 1.85131  1.52352  0 
 1.85379  1.51952  0 
 1.85625  1.51552  0 
 1.85868  1.51151  0 
 1.8611  1.50751  0 
 1.8635  1.5035  0 
 1.86588  1.4995  0 
 1.86825  1.4955  0 
 1.87059  1.49149  0 
 1.87291  1.48749  0 
 1.87522  1.48348  0 
 1.8775  1.47948  0 
 1.87879  1.47721  0 
 1.87969  1.47548  0 
 1.88177  1.47147  0 
 1.88382  1.46747  0 
 1.88586  1.46346  0 
 1.88788  1.45946  0 
 1.88989  1.45546  0 
 1.89187  1.45145  0 
 1.89384  1.44745  0 
 1.89579  1.44344  0 
 1.89773  1.43944  0 
 1.89964  1.43544  0 
 1.90154  1.43143  0 
 1.90342  1.42743  0 
 1.90529  1.42342  0 
 1.90713  1.41942  0 
 1.90896  1.41542  0 
 1.91077  1.41141  0 

 0.525438  1.87988  0 
 0.532501  1.88388  0 
 0.535354  1.88549  0 
 0.540293  1.88789  0 
 0.548593  1.89189  0 
 0.556931  1.8959  0 
 0.565305  1.8999  0 
 0.573717  1.9039  0 
 0.582167  1.90791  0 
 0.590653  1.91191  0 
 0.599177  1.91592  0 
 0.606061  1.91914  0 
 0.60807  1.91992  0 
 0.618364  1.92392  0 
 0.628703  1.92793  0 
 0.639087  1.93193  0 
 0.649515  1.93594  0 
 0.659988  1.93994  0 
 0.670506  1.94394  0 
 0.676768  1.94632  0 
 0.682125  1.94795  0 
 0.695337  1.95195  0 
 0.708606  1.95596  0 
 0.721929  1.95996  0 
 0.735309  1.96396  0 
 0.747475  1.96759  0 
 0.749158  1.96797  0 
 0.767041  1.97197  0 
 0.784998  1.97598  0 
 0.803029  1.97998  0 
 0.818182  1.98333  0 
 0.822559  1.98398  0 
 0.849514  1.98799  0 
 0.876578  1.99199  0 
 0.888889  1.99381  0 
 0.917623  1.996  0 
 0.959596  1.99918  0 
 1.0303  1.99954  0 
 1.08417  1.996  0 
 1.10101  1.99488  0 
 1.12209  1.99199  0 
 1.15116  1.98799  0 
 1.17172  1.98514  0 
 1.17724  1.98398  0 
 1.19623  1.97998  0 
 1.21514  1.97598  0 
 1.23398  1.97197  0 
 1.24242  1.97017  0 
 1.25011  1.96797  0 
 1.26403  1.96396  0 
 1.2779  1.95996  0 
 1.29171  1.95596  0 
 1.30546  1.95195  0 
 1.31313  1.94971  0 
 1.31793  1.94795  0 
 1.3288  1.94394  0 
 1.33962  1.93994  0 
 1.3504  1.93594  0 
 1.36113  1.93193  0 
 1.37181  1.92793  0 
 1.38245  1.92392  0 
 1.38384  1.9234  0 
 1.39149  1.91992  0 
 1.40026  1.91592  0 
 1.40899  1.91191  0 
 1.41768  1.90791  0 
 1.42633  1.9039  0 
 1.43495  1.8999  0 
 1.44352  1.8959  0 
 1.45206  1.89189  0 
 1.45455  1.89072  0 
 1.45969  1.88789  0 
 1.46693  1.88388  0 
 1.47414  1.87988  0 
 1.48132  1.87588  0 
 1.48846  1.87187  0 
 1.49557  1.86787  0 
 1.50264  1.86386  0 
 1.50969  1.85986  0 
 1.5167  1.85586  0 
 1.52368  1.85185  0 
 1.52525  1.85094  0 
 1.52995  1.84785  0 
 1.53599  1.84384  0 
 1.542  1.83984  0 
 1.54799  1.83584  0 
 1.55394  1.83183  0 
 1.55987  1.82783  0 
 1.56577  1.82382  0 
 1.57164  1.81982  0 
 1.57748  1.81582  0 
 1.58329  1.81181  0 
 1.58907  1.80781  0 
 1.59483  1.8038  0 
 1.59596  1.80301  0 
 1.60004  1.7998  0 
 1.6051  1.7958  0 
 1.61013  1.79179  0 
 1.61514  1.78779  0 

 0.139046  1.50751  0 
 0.141436  1.51151  0 
 0.143845  1.51552  0 
 0.146273  1.51952  0 
 0.14872  1.52352  0 
 0.151185  1.52753  0 
 0.153669  1.53153  0 
 0.156172  1.53554  0 
 0.158693  1.53954  0 
 0.161234  1.54354  0 
 0.163793  1.54755  0 
 0.166371  1.55155  0 
 0.168968  1.55556  0 
 0.171583  1.55956  0 
 0.174218  1.56356  0 
 0.176871  1.56757  0 
 0.179543  1.57157  0 
 0.181818  1.57496  0 
 0.182271  1.57558  0 
 0.185225  1.57958  0 
 0.1882  1.58358  0 
 0.191195  1.58759  0 
 0.19421  1.59159  0 
 0.197247  1.5956  0 
 0.200303  1.5996  0 
 0.20338  1.6036  0 
 0.206478  1.60761  0 
 0.209596  1.61161  0 
 0.212734  1.61562  0 
 0.215893  1.61962  0 
 0.219073  1.62362  0 
 0.222273  1.62763  0 
 0.225493  1.63163  0 
 0.228734  1.63564  0 
 0.231995  1.63964  0 
 0.235277  1.64364  0 
 0.23858  1.64765  0 
 0.241902  1.65165  0 
 0.245246  1.65566  0 
 0.24861  1.65966  0 
 0.251994  1.66366  0 
 0.252525  1.66429  0 
 0.255684  1.66767  0 
 0.259449  1.67167  0 
 0.263237  1.67568  0 
 0.267047  1.67968  0 
 0.27088  1.68368  0 
 0.274736  1.68769  0 
 0.278613  1.69169  0 
 0.282514  1.6957  0 
 0.286437  1.6997  0 
 0.290382  1.7037  0 
 0.29435  1.70771  0 
 0.298341  1.71171  0 
 0.302353  1.71572  0 
 0.306389  1.71972  0 
 0.310447  1.72372  0 
 0.314527  1.72773  0 
 0.31863  1.73173  0 
 0.322756  1.73574  0 
 0.323232  1.7362  0 
 0.327309  1.73974  0 
 0.331939  1.74374  0 
 0.336594  1.74775  0 
 0.341275  1.75175  0 
 0.34598  1.75576  0 
 0.35071  1.75976  0 
 0.355465  1.76376  0 
 0.360246  1.76777  0 
 0.365051  1.77177  0 
 0.369881  1.77578  0 
 0.374736  1.77978  0 
 0.379617  1.78378  0 
 0.384522  1.78779  0 
 0.389452  1.79179  0 
 0.393939  1.79542  0 
 0.394465  1.7958  0 
 0.400063  1.7998  0 
 0.405688  1.8038  0 
 0.411341  1.80781  0 
 0.417023  1.81181  0 
 0.422733  1.81582  0 
 0.42847  1.81982  0 
 0.434236  1.82382  0 
 0.44003  1.82783  0 
 0.445852  1.83183  0 
 0.451702  1.83584  0 
 0.45758  1.83984  0 
 0.463486  1.84384  0 
 0.464646  1.84463  0 
 0.470096  1.84785  0 
 0.476901  1.85185  0 
 0.483739  1.85586  0 
 0.490609  1.85986  0 
 0.497511  1.86386  0 
 0.504445  1.86787  0 
 0.51141  1.87187  0 
 0.518408  1.87588  0 
 0.525438  1.87988  0 

 0.00823342  1.12312  0 
 0.00873696  1.12713  0 
 0.00925662  1.13113  0 
 0.00979239  1.13514  0 
 0.0103443  1.13914  0 
 0.0109123  1.14314  0 
 0.0114964  1.14715  0 
 0.0120966  1.15115  0 
 0.012713  1.15516  0 
 0.0133454  1.15916  0 
 0.013994  1.16316  0 
 0.0146586  1.16717  0 
 0.0153394  1.17117  0 
 0.0160363  1.17518  0 
 0.0167494  1.17918  0 
 0.0174785  1.18318  0 
 0.0182237  1.18719  0 
 0.0189851  1.19119  0 
 0.0197626  1.1952  0 
 0.0205562  1.1992  0 
 0.0213659  1.2032  0 
 0.0221917  1.20721  0 
 0.0230336  1.21121  0 
 0.0238916  1.21522  0 
 0.0247658  1.21922  0 
 0.0256561  1.22322  0 
 0.0265624  1.22723  0 
 0.0274849  1.23123  0 
 0.0284235  1.23524  0 
 0.0293783  1.23924  0 
 0.0303491  1.24324  0 
 0.031336  1.24725  0 
 0.0323391  1.25125  0 
 0.0333583  1.25526  0 
 0.0343936  1.25926  0 
 0.035445  1.26326  0 
 0.0365125  1.26727  0 
 0.0375961  1.27127  0 
 0.0386959  1.27528  0 
 0.0398117  1.27928  0 
 0.040404  1.28137  0 
 0.040985  1.28328  0 
 0.0422209  1.28729  0 
 0.0434741  1.29129  0 
 0.0447447  1.2953  0 
 0.0460327  1.2993  0 
 0.047338  1.3033  0 
 0.0486606  1.30731  0 
 0.0500006  1.31131  0 
 0.051358  1.31532  0 
 0.0527326  1.31932  0 
 0.0541247  1.32332  0 
 0.055534  1.32733  0 
 0.0569608  1.33133  0 
 0.0584048  1.33534  0 
 0.0598662  1.33934  0 
 0.061345  1.34334  0 
 0.0628411  1.34735  0 
 0.0643546  1.35135  0 
 0.0658854  1.35536  0 
 0.0674335  1.35936  0 
 0.068999  1.36336  0 
 0.0705818  1.36737  0 
 0.072182  1.37137  0 
 0.0737995  1.37538  0 
 0.0754344  1.37938  0 
 0.0770866  1.38338  0 
 0.0787562  1.38739  0 
 0.0804431  1.39139  0 
 0.0821474  1.3954  0 
 0.083869  1.3994  0 
 0.0856079  1.4034  0 
 0.0873642  1.40741  0 
 0.0891379  1.41141  0 
 0.0909289  1.41542  0 
 0.0927372  1.41942  0 
 0.0945629  1.42342  0 
 0.0964059  1.42743  0 
 0.0982663  1.43143  0 
 0.100144  1.43544  0 
 0.102039  1.43944  0 
 0.103951  1.44344  0 
 0.105881  1.44745  0 
 0.107828  1.45145  0 
 0.109793  1.45546  0 
 0.111111  1.45812  0 
 0.11183  1.45946  0 
 0.113994  1.46346  0 
 0.116178  1.46747  0 
 0.11838  1.47147  0 
 0.120601  1.47548  0 
 0.122841  1.47948  0 
 0.1251  1.48348  0 
 0.127377  1.48749  0 
 0.129674  1.49149  0 
 0.131989  1.4955  0 
 0.134322  1.4995  0 
 0.136675  1.5035  0 
 0.139046  1.50751  0 

 0.0370523  0.730731  0 
 0.0359767  0.734735  0 
 0.0349173  0.738739  0 
 0.0338739  0.742743  0 
 0.0328467  0.746747  0 
 0.0318356  0.750751  0 
 0.0308406  0.754755  0 
 0.0298617  0.758759  0 
 0.0288989  0.762763  0 
 0.0279522  0.766767  0 
 0.0270217  0.770771  0 
 0.0261072  0.774775  0 
 0.0252089  0.778779  0 
 0.0243267  0.782783  0 
 0.0234606  0.786787  0 
 0.0226106  0.790791  0 
 0.0217768  0.794795  0 
 0.020959  0.798799  0 
 0.0201574  0.802803  0 
 0.0193718  0.806807  0 
 0.0186024  0.810811  0 
 0.0178491  0.814815  0 
 0.0171119  0.818819  0 
 0.0163908  0.822823  0 
 0.0156859  0.826827  0 
 0.014997  0.830831  0 
 0.0143243  0.834835  0 
 0.0136677  0.838839  0 
 0.0130272  0.842843  0 
 0.0124028  0.846847  0 
 0.0117945  0.850851  0 
 0.0112023  0.854855  0 
 0.0106263  0.858859  0 
 0.0100663  0.862863  0 
 0.00952249  0.866867  0 
 0.00899478  0.870871  0 
 0.00848318  0.874875  0 
 0.00798769  0.878879  0 
 0.00750831  0.882883  0 
 0.00704505  0.886887  0 
 0.0065979  0.890891  0 
 0.00616687  0.894895  0 
 0.00575195  0.898899  0 
 0.00535314  0.902903  0 
 0.00497045  0.906907  0 
 0.00460387  0.910911  0 
 0.0042534  0.914915  0 
 0.00391905  0.918919  0 
 0.00360081  0.922923  0 
 0.00329868  0.926927  0 
 0.00301267  0.930931  0 
 0.00274277  0.934935  0 
 0.00248898  0.938939  0 
 0.00225131  0.942943  0 
 0.00202975  0.946947  0 
 0.0018243  0.950951  0 
 0.00163497  0.954955  0 
 0.00146175  0.958959  0 
 0.00130464  0.962963  0 
 0.00116365  0.966967  0 
 0.00103877  0.970971  0 
 0.000930005  0.974975  0 
 0.000837353  0.978979  0 
 0.000760814  0.982983  0 
 0.000700389  0.986987  0 
 0.000656077  0.990991  0 
 0.000627879  0.994995  0 
 0.000615794  0.998999  0 
 0.000619822  1.003  0 
 0.000639964  1.00701  0 
 0.000676219  1.01101  0 
 0.000728588  1.01502  0 
 0.00079707  1.01902  0 
 0.000881665  1.02302  0 
 0.000982374  1.02703  0 
 0.0010992  1.03103  0 
 0.00123213  1.03504  0 
 0.00138118  1.03904  0 
 0.00154634  1.04304  0 
 0.00172762  1.04705  0 
 0.00192501  1.05105  0 
 0.00213851  1.05506  0 
 0.00236813  1.05906  0 
 0.00261386  1.06306  0 
 0.0028757  1.06707  0 
 0.00315366  1.07107  0 
 0.00344773  1.07508  0 
 0.00375791  1.07908  0 
 0.00408421  1.08308  0 
 0.00442662  1.08709  0 
 0.00478514  1.09109  0 
 0.00515978  1.0951  0 
 0.00555053  1.0991  0 
 0.0059574  1.1031  0 
 0.00638037  1.10711  0 
 0.00681946  1.11111  0 
 0.00727467  1.11512  0 
 0.00774599  1.11912  0 
 0.00823342  1.12312  0 

 0.240239  0.35035  0 
 0.236926  0.354354  0 
 0.233634  0.358358  0 
 0.230362  0.362362  0 
 0.227111  0.366366  0 
 0.22388  0.37037  0 
 0.22067  0.374374  0 
 0.21748  0.378378  0 
 0.214311  0.382382  0 
 0.211163  0.386386  0 
 0.208034  0.39039  0 
 0.204926  0.394394  0 
 0.201839  0.398398  0 
 0.198772  0.402402  0 
 0.195726  0.406406  0 
 0.1927  0.41041  0 
 0.189695  0.414414  0 
 0.18671  0.418418  0 
 0.183745  0.422422  0 
 0.181818  0.425044  0 
 0.180886  0.426426  0 
 0.178204  0.43043  0 
 0.175542  0.434434  0 
 0.172898  0.438438  0 
 0.170273  0.442442  0 
 0.167667  0.446446  0 
 0.16508  0.45045  0 
 0.162511  0.454454  0 
 0.159961  0.458458  0 
 0.15743  0.462462  0 
 0.154918  0.466466  0 
 0.152425  0.47047  0 
 0.14995  0.474474  0 
 0.147494  0.478478  0 
 0.145057  0.482482  0 
 0.142639  0.486486  0 
 0.140239  0.49049  0 
 0.137858  0.494494  0 
 0.135496  0.498498  0 
 0.133153  0.502503  0 
 0.130829  0.506507  0 
 0.128523  0.510511  0 
 0.126236  0.514515  0 
 0.123968  0.518519  0 
 0.121719  0.522523  0 
 0.119488  0.526527  0 
 0.117277  0.530531  0 
 0.115084  0.534535  0 
 0.11291  0.538539  0 
 0.111111  0.54188  0 
 0.110782  0.542543  0 
 0.108808  0.546547  0 
 0.106853  0.550551  0 
 0.104914  0.554555  0 
 0.102993  0.558559  0 
 0.101089  0.562563  0 
 0.099203  0.566567  0 
 0.0973339  0.570571  0 
 0.0954822  0.574575  0 
 0.0936479  0.578579  0 
 0.0918309  0.582583  0 
 0.0900312  0.586587  0 
 0.0882489  0.590591  0 
 0.0864839  0.594595  0 
 0.0847363  0.598599  0 
 0.083006  0.602603  0 
 0.0812931  0.606607  0 
 0.0795975  0.610611  0 
 0.0779193  0.614615  0 
 0.0762584  0.618619  0 
 0.0746148  0.622623  0 
 0.0729886  0.626627  0 
 0.0713798  0.630631  0 
 0.0697882  0.634635  0 
 0.0682141  0.638639  0 
 0.0666573  0.642643  0 
 0.0651178  0.646647  0 
 0.0635957  0.650651  0 
 0.0620909  0.654655  0 
 0.0606035  0.658659  0 
 0.0591334  0.662663  0 
 0.0576806  0.666667  0 
 0.0562452  0.670671  0 
 0.0548272  0.674675  0 
 0.0534265  0.678679  0 
 0.0520431  0.682683  0 
 0.0506771  0.686687  0 
 0.0493285  0.690691  0 
 0.0479971  0.694695  0 
 0.0466832  0.698699  0 
 0.0453865  0.702703  0 
 0.0441073  0.706707  0 
 0.0428453  0.710711  0 
 0.0416008  0.714715  0 
 0.040404  0.718619  0 
 0.0403757  0.718719  0 
 0.0392518  0.722723  0 
 0.038144  0.726727  0 
 0.0370523  0.730731  0 

 0.959596  0.000818247  0 
 0.94397  0.002002  0 
 0.891329  0.00600601  0 
 0.888889  0.00619237  0 
 0.863032  0.01001  0 
 0.836023  0.014014  0 
 0.818182  0.0166697  0 
 0.812073  0.018018  0 
 0.794005  0.022022  0 
 0.77601  0.026026  0 
 0.75809  0.03003  0 
 0.747475  0.0324117  0 
 0.74202  0.034034  0 
 0.728612  0.038038  0 
 0.715261  0.042042  0 
 0.701965  0.046046  0 
 0.688724  0.0500501  0 
 0.676768  0.0536811  0 
 0.675782  0.0540541  0 
 0.665242  0.0580581  0 
 0.654746  0.0620621  0 
 0.644295  0.0660661  0 
 0.633889  0.0700701  0 
 0.623528  0.0740741  0 
 0.613211  0.0780781  0 
 0.606061  0.0808654  0 
 0.603453  0.0820821  0 
 0.594911  0.0860861  0 
 0.586405  0.0900901  0 
 0.577937  0.0940941  0 
 0.569507  0.0980981  0 
 0.561113  0.102102  0 
 0.552757  0.106106  0 
 0.544439  0.11011  0 
 0.536157  0.114114  0 
 0.535354  0.114505  0 
 0.528966  0.118118  0 
 0.521919  0.122122  0 
 0.514905  0.126126  0 
 0.507923  0.13013  0 
 0.500974  0.134134  0 
 0.494056  0.138138  0 
 0.48717  0.142142  0 
 0.480316  0.146146  0 
 0.473495  0.15015  0 
 0.466705  0.154154  0 
 0.464646  0.155374  0 
 0.46053  0.158158  0 
 0.454638  0.162162  0 
 0.448773  0.166166  0 
 0.442937  0.17017  0 
 0.437129  0.174174  0 
 0.43135  0.178178  0 
 0.425598  0.182182  0 
 0.419874  0.186186  0 
 0.414179  0.19019  0 
 0.408511  0.194194  0 
 0.402872  0.198198  0 
 0.397261  0.202202  0 
 0.393939  0.204584  0 
 0.391927  0.206206  0 
 0.386984  0.21021  0 
 0.382066  0.214214  0 
 0.377173  0.218218  0 
 0.372306  0.222222  0 
 0.367463  0.226226  0 
 0.362645  0.23023  0 
 0.357852  0.234234  0 
 0.353085  0.238238  0 
 0.348342  0.242242  0 
 0.343624  0.246246  0 
 0.338931  0.25025  0 
 0.334264  0.254254  0 
 0.329621  0.258258  0 
 0.325003  0.262262  0 
 0.323232  0.263806  0 
 0.32069  0.266266  0 
 0.316576  0.27027  0 
 0.312484  0.274274  0 
 0.308415  0.278278  0 
 0.304368  0.282282  0 
 0.300344  0.286286  0 
 0.296342  0.29029  0 
 0.292363  0.294294  0 
 0.288407  0.298298  0 
 0.284472  0.302302  0 
 0.280561  0.306306  0 
 0.276672  0.31031  0 
 0.272805  0.314314  0 
 0.268961  0.318318  0 
 0.265139  0.322322  0 
 0.26134  0.326326  0 
 0.257564  0.33033  0 
 0.25381  0.334334  0 
 0.252525  0.335712  0 
 0.250299  0.338338  0 
 0.246925  0.342342  0 
 0.243572  0.346346  0 
 0.240239  0.35035  0 

